ODOMETRY 0 0 0
SENSOR 0 4.350555599004473 0.7941230987128955
SENSOR 1 1.935267519655774 1.8748560091194966
SENSOR 2 3.572437463281092 0.25196230389794216
ODOMETRY 0.04974678397173449 0.3186660250758971 0.06129615300358626
SENSOR 0 4.121831647146186 0.735483876681085
SENSOR 1 2.038899156824807 1.915662182392004
SENSOR 2 3.260892699689813 0.1605474452789668
ODOMETRY 0.23623301412398123 0.318086181297102 0.2562593667114157
SENSOR 0 3.8455871955871364 0.28260295219535836
SENSOR 1 2.097359846227287 1.5745131698570196
SENSOR 2 2.9438153855944136 -0.34011522486310053
ODOMETRY -0.25206578380742695 0.28441080965433885 -0.30629738719390076
SENSOR 0 3.603784640728468 0.8811911501270995
SENSOR 1 2.18669750361563 2.259043323799659
SENSOR 2 2.660623889271863 0.20884780645261714
ODOMETRY -0.1882362837009648 0.12081887451870967 -0.5988757125138546
SENSOR 0 3.5472984735590156 1.6981751478957179
SENSOR 1 2.280856503931276 3.080055608234148
SENSOR 2 2.5496337888885643 1.0142867542544574
ODOMETRY -0.5172685431433686 0.07783126815424633 5.87867461528743
SENSOR 0 3.5946069588116747 2.637262130824973
SENSOR 1 2.3509938290519 -2.295921430803841
SENSOR 2 2.54776766681107 1.9665960235486137
ODOMETRY -0.399227144650685 0.1417644223944716 -0.28943626889964946
SENSOR 0 3.7356186916397243 -2.953278483446006
SENSOR 1 2.4001415348934203 -1.6632433157830129
SENSOR 2 2.6508303116815912 2.6927178771362046
ODOMETRY -0.020095821419013227 0.2612668845717208 -0.08794780049270035
SENSOR 0 3.991598116137397 -2.8587780491657147
SENSOR 1 2.4330228536440774 -1.6625082370682724
SENSOR 2 2.890487547990726 2.838350334752846
ODOMETRY -0.14439545736568982 0.2295623052245644 -0.028107183739400687
SENSOR 0 4.2016053081455205 -2.7089151871819714
SENSOR 1 2.4317638783527795 -1.5844163693991873
SENSOR 2 3.117371236886464 3.0225015454317443
ODOMETRY -0.003953273212915942 0.338860721733851 -0.06457381556270869
SENSOR 0 4.510951369595011 -2.672160661337353
SENSOR 1 2.4585022477896756 -1.654155147193289
SENSOR 2 3.454207726264708 3.102299053031963
ODOMETRY -0.2122873653297237 0.2741698619534115 -0.2603300344038675
SENSOR 0 4.726999763850885 -2.2360994028063392
SENSOR 1 2.4384576442237518 -1.2932726761147717
SENSOR 2 3.7245842915800313 -2.7209399928483196
ODOMETRY -0.3209263188360336 0.22973212025540787 -0.4075291929963255
SENSOR 0 4.809423531679551 -1.5526215406275976
SENSOR 1 2.3168232880060002 -0.6468346001025793
SENSOR 2 3.897079992202923 -2.03231284103814
ODOMETRY -0.3614677195807958 0.2649971806206751 -0.36143407823800167
SENSOR 0 4.717643515963707 -0.8819153838045151
SENSOR 1 2.063891640298608 0.03991438865284325
SENSOR 2 3.9323981519426443 -1.3765125853582065
ODOMETRY -0.23161104003500338 0.2863436692589621 -0.05641604580298848
SENSOR 0 4.49308841761116 -0.6324817310382596
SENSOR 1 1.789687277260144 0.3708659176634099
SENSOR 2 3.823002981894001 -1.1567478194169654
ODOMETRY 0.21885221036536726 0.3028527189687553 0.12726888274945566
SENSOR 0 4.299553000367227 -1.0316084363637597
SENSOR 1 1.4910324608713896 0.055507330732687876
SENSOR 2 3.775968379400524 -1.581632506395794
ODOMETRY 0.021315674075926255 0.44443802688032935 0.021047911532566636
SENSOR 0 4.0977775704417265 -1.1683487168831421
SENSOR 1 1.046964441985504 0.027655837799299032
SENSOR 2 3.8161966955602646 -1.7406613580158097
ODOMETRY 0.02123440364352456 0.4830791960192674 0.0022553372352824633
SENSOR 0 3.943624601437874 -1.3057876126084322
SENSOR 1 0.5639037380134588 0.009667134361421859
SENSOR 2 3.9366274025189854 -1.8849245799587648
ODOMETRY -0.004696409748640495 0.5204686709948904 0.0015491428906862642
SENSOR 0 3.837874298583932 -1.4337267294670646
SENSOR 1 0.044126581682717374 0.18304615570388538
SENSOR 2 4.1250175111501335 -2.0022498045980153
ODOMETRY -0.005961480772801918 0.5639948545267955 -0.0681224620446538
SENSOR 0 3.798721499796981 -1.507130462764403
SENSOR 1 0.5207201203907513 -3.089392453369925
SENSOR 2 4.387990914528389 -2.04550599206491
ODOMETRY -0.17199368250293032 0.5026196182371988 -0.2647589078075868
SENSOR 0 3.7136669993308256 -1.2023631393062433
SENSOR 1 1.0169189816633082 -2.762745725839446
SENSOR 2 4.563120084547955 -1.7140879120790826
ODOMETRY -0.23976535955895845 0.5077478934031309 -0.2569852895365057
SENSOR 0 3.4488109686858626 -0.8267320424937972
SENSOR 1 1.4605606806605824 -2.468983884367372
SENSOR 2 4.542413781752858 -1.3288276333190754
ODOMETRY -0.16365448646069536 0.5263303019231805 -0.21951395963172438
SENSOR 0 3.0512579442450947 -0.5499433127571605
SENSOR 1 1.8549229634390554 -2.297985366379182
SENSOR 2 4.361623570261374 -1.0567688737215186
ODOMETRY -0.0979058425047401 0.5526823545672456 -0.04937345274859695
SENSOR 0 2.5654712297646265 -0.49690360455746374
SENSOR 1 2.225527289411508 -2.352848426422888
SENSOR 2 4.069359100852192 -1.0208901927714185
ODOMETRY 0.0015642238881861115 0.578307494626607 -0.002167598178260066
SENSOR 0 2.0760269265392393 -0.6298733129519762
SENSOR 1 2.6653917798265296 -2.5065500641123855
SENSOR 2 3.800086470612133 -1.1505259101617864
ODOMETRY -0.00015327435138523526 0.5621269268240134 -0.019808738481677413
SENSOR 0 1.6551641978239846 -0.8112779260420324
SENSOR 1 3.1356675748641836 -2.5931560520402837
SENSOR 2 3.607344146569418 -1.2733064642777756
ODOMETRY -0.1165487801869276 0.49330921689897383 -0.19825855374367607
SENSOR 0 1.3146846376891772 -0.7390566955208886
SENSOR 1 3.5369878902484873 -2.3645159024454214
SENSOR 2 3.4386676867009145 -1.0902172652060536
ODOMETRY -0.22703285399526418 0.4389900580101946 -0.23815414487685826
SENSOR 0 0.9564885148188701 -0.5006732330838926
SENSOR 1 3.7907914910054847 -1.9971873081019105
SENSOR 2 3.1709117744031268 -0.7304302925096615
ODOMETRY -0.21790314680091738 0.4483066949325736 -0.2415503255690048
SENSOR 0 0.5406545232037856 -0.2746937428082674
SENSOR 1 3.908270779357118 -1.6501939304777302
SENSOR 2 2.7888871666702726 -0.34988625330380163
ODOMETRY -0.10707134365604798 0.46940944349609554 -0.11228597017918185
SENSOR 0 0.11040806095249109 -0.8438815947550786
SENSOR 1 3.923442281238815 -1.550720006557329
SENSOR 2 2.3359759249336323 -0.17886284640874095
ODOMETRY 0.0017591261227094535 0.4707475818904147 -0.004050360427304778
SENSOR 0 0.4060161104977744 -2.9325990717615324
SENSOR 1 3.9430121081355676 -1.6680818598514238
SENSOR 2 1.874794606142651 -0.2216936145595909
ODOMETRY 0.01242559954846012 0.3834527150086399 -0.008324335739946065
SENSOR 0 0.7856619806665966 -3.0321662510015113
SENSOR 1 4.003182825906346 -1.7675386310530588
SENSOR 2 1.504435083148428 -0.2849584152393554
ODOMETRY 3.147092341306563 0.2348452003305097 -3.1668420220691083
SENSOR 0 0.5526211809925865 -2.968316419420117
SENSOR 1 3.9626941779669256 -1.6897001420100102
SENSOR 2 1.730750591630022 -0.22633858685258978
ODOMETRY 3.0864708965375347 0.2526827068184712 -3.194840230817625
SENSOR 0 0.31179444163489856 -2.675409560394529
SENSOR 1 3.9546364925510296 -1.5175221348676207
SENSOR 2 1.9802066808351568 -0.0962261412977039
ODOMETRY 3.3006823961464904 0.4576694816238272 -2.942202949692734
SENSOR 0 0.1860954028595583 -0.7304779490692415
SENSOR 1 3.9327205515432273 -1.760017850628877
SENSOR 2 2.4257954248599893 -0.40703928614833274
ODOMETRY 3.332923642119549 0.5565900645697608 -2.9822831106709047
SENSOR 0 0.6852926139645341 -0.3773815862784655
SENSOR 1 3.7616501717709268 -1.9728436455465852
SENSOR 2 2.902662681853903 -0.649455673623152
ODOMETRY 3.1219205232899956 0.5774066978953808 -3.3327454041131794
SENSOR 0 1.2427050651691214 -0.0031472815022643985
SENSOR 1 3.586440192650506 -1.6120875582722896
SENSOR 2 3.386415807208313 -0.3380379060916243
ODOMETRY 3.1125981744890616 0.18047809788032793 2.492347540185018
SENSOR 0 1.4231305234519576 0.6718147887131609
SENSOR 1 3.5887612440243855 -0.8835407473160206
SENSOR 2 3.5587671091904087 0.35562673140747947
ODOMETRY -0.3198267075645149 0.02589838337723016 -0.5662669318788258
SENSOR 0 1.409122615046842 1.5732909595808424
SENSOR 1 3.5668967949218264 -0.001326754438638389
SENSOR 2 3.5385924524027423 1.2462964991996852
ODOMETRY 0.016131658461171483 0.07073302349878266 -0.037884707354769454
SENSOR 0 1.409933098914382 1.6452280505541435
SENSOR 1 3.496174768792346 0.020073101692370532
SENSOR 2 3.5155940018672154 1.2870144727577735
ODOMETRY -0.11127479628944315 0.2939255341672706 -0.2726768200979466
SENSOR 0 1.4924274348673843 2.22396746427121
SENSOR 1 3.205012227642568 0.41603606512582125
SENSOR 2 3.4772184322208033 1.754336942127221
ODOMETRY -0.14712934621821705 0.39516141915097347 -0.04879603660968801
SENSOR 0 1.7971811887152664 2.57364125446625
SENSOR 1 2.878616557917375 0.6853134635738485
SENSOR 2 3.62483833574329 2.0535549342617845
ODOMETRY 0.0050827682170653254 0.5297634270053074 -0.008810803209460927
SENSOR 0 2.260641503802995 2.704770182191684
SENSOR 1 2.4891666075620615 0.8233072453863555
SENSOR 2 3.896882771067731 2.178306675642541
ODOMETRY 0.0071365660456166324 0.5267050317550438 0.046447480627500815
SENSOR 0 2.7456229459599983 2.7336760109975806
SENSOR 1 2.162678698188818 0.9480953885184187
SENSOR 2 4.216900029950835 2.2279667831450674
ODOMETRY 0.09413689771037914 0.6126335658044736 0.0407455099910039
SENSOR 0 3.295867319923345 2.688363407362969
SENSOR 1 1.8197612124700284 1.0698204934506066
SENSOR 2 4.573333699577764 2.206608082917943
ODOMETRY 0.002091896288006767 0.6383979674514131 -0.015557317145645122
SENSOR 0 3.879396397162239 2.7742580336626768
SENSOR 1 1.612111982885215 1.4375918830332903
SENSOR 2 4.978011923292334 2.3236008948015527
ODOMETRY -0.12054581440891354 0.5670337273782228 -0.08765883985370482
SENSOR 0 4.431415619084834 3.013726735329292
SENSOR 1 1.702142723638034 1.9853888087855545
ODOMETRY 0.014745162694596692 0.5571080625181144 -0.021995252089900053
SENSOR 0 4.983497141916626 3.0368660846399864
ODOMETRY 0.030767418901177734 0.6574165587911484 0.08619825819939675
SENSOR 3 2.2930471564294326 1.5156205079093708
ODOMETRY 0.14340862667141785 0.5325497967627887 0.20923114386952157
SENSOR 3 2.2494107152632794 1.3972146632262215
ODOMETRY 0.3435270322036239 0.35325857046689196 0.340182455424638
SENSOR 3 2.097371145980056 0.8604407907785756
SENSOR 4 4.878132633675354 0.6710628235110088
ODOMETRY 0.38399939905545466 0.4679681471193681 -6.013231020601806
SENSOR 3 1.6951604625429746 0.3334349684608515
SENSOR 4 4.431295349831271 0.04701435912491725
SENSOR 18 4.844680180140817 -0.5949323512841769
ODOMETRY -0.010710077648343308 0.5526850237364898 0.014811823553185999
SENSOR 3 1.1895884154894965 0.48673531817603566
SENSOR 4 3.8796619057877466 0.05113139021167035
SENSOR 18 4.39424886133771 -0.6684609573211482
ODOMETRY -0.005402326380515632 0.6303377440373216 -0.060071533936163934
SENSOR 3 0.7005260214778994 0.9913570200945845
SENSOR 4 3.2505263243961777 0.12756257418916306
ODOMETRY -0.060676172398296035 0.45021695367433384 6.210013929268571
SENSOR 3 0.6169996434361616 1.8115117910626672
SENSOR 4 2.80952575783229 0.29140141376665696
ODOMETRY -0.08018646189383904 0.47149940431321175 -0.15352141730272661
SENSOR 3 0.8868610608839635 2.5740336382151536
SENSOR 4 2.3763800531562866 0.5972137942074536
ODOMETRY -0.25178004434546386 0.4279878424357247 -0.35845428952224445
SENSOR 3 1.300496902493845 -2.9965356106943135
SENSOR 4 2.1180962116198283 1.3597070945221716
ODOMETRY -0.2584775075073562 0.44407914003724014 -0.197272452540888
SENSOR 3 1.7177807858366014 -2.6424738776908496
SENSOR 4 2.184639908107164 2.0199239440120227
ODOMETRY -0.11546055582902426 0.5443064910055646 -0.05402519515082482
SENSOR 3 2.1851451219418365 -2.6171179139015104
SENSOR 18 1.9732533482198182 0.955489180771373
ODOMETRY 0.019744916154105452 0.5728002019652174 -0.010108066808111937
SENSOR 3 2.7007616361883175 -2.7294952070549416
SENSOR 18 1.6972980993830824 1.2209940160821553
ODOMETRY -0.08512244254693391 0.5417108777513443 -0.17143327338134795
SENSOR 3 3.1873683266104567 -2.5540945993656154
SENSOR 18 1.6411025024237538 1.8017962559742955
ODOMETRY -0.14708627044389466 0.5045807395745114 -0.11669375858163833
SENSOR 3 3.577843628057848 -2.3849848531869844
SENSOR 18 1.8865762316191275 2.3167784798241495
ODOMETRY -0.03058502873645841 0.5076633125347136 -0.03908305729679751
SENSOR 3 3.9525644302442178 -2.4064256749409316
SENSOR 18 2.2714169159581843 2.546558116491287
ODOMETRY 0.13460546487095582 0.5149757656664775 0.15264465389848003
SENSOR 3 4.3870917722344895 -2.760059098849565
SENSOR 18 2.6773856885056584 2.3878778624545935
ODOMETRY 0.09921926279333415 0.4647817888434904 0.02316481566395301
SENSOR 3 4.835208297945474 -2.909224641416608
SENSOR 18 3.003579417440924 2.3823135618274485
ODOMETRY 0.012401759945524171 0.42137539738810814 -0.004331934555286132
SENSOR 18 3.3186303077067665 2.4629030945299544
ODOMETRY 0.07207569406266368 0.3733552812495799 0.18447075740502838
SENSOR 18 3.600635270247271 2.277153956864886
ODOMETRY 0.2901243670052682 0.15832740776031798 0.2875280245159946
SENSOR 18 3.6675098843407725 1.7389961585650138
ODOMETRY 0.2793369867260136 0.10262552711719151 0.4356546126958629
SENSOR 18 3.657550167708941 1.0518936131295087
ODOMETRY -6.010716355770894 0.04319939283430585 0.6066237075406402
SENSOR 18 3.6269487590169756 0.1811727086053363
ODOMETRY 0.4867807823642385 0.05134961126540452 0.30393777348575
SENSOR 18 3.5780118301117074 -0.6138638224095345
ODOMETRY 0.2673566056318417 0.09833744382969542 -0.0188311185090686
SENSOR 18 3.51626715090404 -0.8839675305262311
ODOMETRY -0.0025435488878147172 0.2869886006100587 -0.028775692956561016
SENSOR 18 3.341074473842513 -0.9189790172930179
ODOMETRY 0.01608335937540528 0.37106954345280174 -0.018348424720799672
SENSOR 18 3.134995691875244 -1.0120981933639315
ODOMETRY -0.020667492225654893 0.37328399185415256 -0.02854179140639701
SENSOR 3 4.657371021894302 -0.028086585772904904
SENSOR 18 2.947225473671181 -1.0690754313974589
ODOMETRY -0.07528980612864289 0.3816439569614019 -0.03957529103046031
SENSOR 3 4.2761900834486815 0.09098978064301022
SENSOR 18 2.7576431935084944 -1.0704604213465139
ODOMETRY -0.07168808566463292 0.38030291850494174 -0.14454295430023434
SENSOR 3 3.9013945113427253 0.3230092552347328
SENSOR 18 2.571728473855498 -0.9788891437846656
ODOMETRY -0.2158627215466411 0.44541415054277744 -0.19403457234491217
SENSOR 3 3.526516143560383 0.79776736053577
SENSOR 18 2.270768334043481 -0.7049730349779173
ODOMETRY -0.09234267733058532 0.4796350763631011 -0.21586175815379782
SENSOR 3 3.2461405973347643 1.2210524861640168
SENSOR 18 1.8985004662716356 -0.5425572782711772
ODOMETRY -0.20267475508322796 0.49460149312573065 -0.24859703324662874
SENSOR 3 3.2111536292109575 1.8252833960750632
SENSOR 18 1.4416537850937257 -0.20591083751089556
ODOMETRY -0.18996298310890847 0.48409586611928535 6.107715588322512
SENSOR 3 3.4471164533150933 2.317849669110031
SENSOR 18 0.957650595897431 0.15146042034600393
ODOMETRY -0.16759412228916215 0.5100931248367129 -0.19143185760191406
SENSOR 18 0.4996134727809287 0.8364780093807456
ODOMETRY -0.17543901833993125 0.4891628070844344 -0.1903941720693716
SENSOR 18 0.4792937342590814 2.248075407234248
ODOMETRY -0.05802939806665508 0.49802917248503203 -0.009562799002799327
SENSOR 18 0.8933118802791837 2.7419203687461478
ODOMETRY -0.027659811610615037 0.4944731178330715 -0.04674228390615376
SENSOR 18 1.3658396920020366 2.948299412329747
ODOMETRY -0.09799413131377133 0.5146815739605938 -0.16358783320062376
SENSOR 18 1.878824292384118 -3.0472344171511234
ODOMETRY -0.12879319399508216 0.5186028780647302 -0.1106275596255284
SENSOR 18 2.3873286508193545 -2.855906392062167
ODOMETRY -0.06570698469201286 0.2645807988858163 -0.033520122067868474
SENSOR 18 2.637314857253439 -2.7912176240169173
ODOMETRY 0.024080388189336777 0.10740411191046956 -0.004270145207325049
SENSOR 18 2.7392683015647665 -2.82359608632423
ODOMETRY -3.1246222918933007 0.22135758961453234 3.1825179463566955
SENSOR 18 2.528716448288792 -2.855533911426945
ODOMETRY -3.0816762513316363 0.36983163715815637 3.2015744279641027
SENSOR 18 2.169886306306235 -2.9372071548180587
ODOMETRY -3.041440439332435 0.4496483514399978 3.2485981292439408
SENSOR 18 1.7233135064496359 -3.1172140962571024
ODOMETRY -3.0077360607129915 0.44665290804905045 3.2808162935214997
SENSOR 18 1.2802650279616181 2.854763803483639
ODOMETRY -3.0726328672105394 0.505859224287948 3.1911776062585857
SENSOR 18 0.825120767138838 2.521010148884991
ODOMETRY -2.9763932807069153 0.5740426926845692 3.2924276105982235
SENSOR 18 0.5837445408330684 1.4356912904279753
ODOMETRY -2.9382477015298427 0.5845930757141354 3.317545867679417
SENSOR 3 3.720405181932952 2.260182635682165
SENSOR 18 0.9534757991711906 0.43970564503683995
ODOMETRY -2.8906835416086936 0.5548128162231344 -2.841842076173817
SENSOR 3 3.5208712272450353 1.5663631938697744
SENSOR 18 1.5020435155315335 -0.18033229764914527
ODOMETRY 1.555306712318182 0.03991188194916122 -0.9244787216776493
SENSOR 3 3.4809618127706066 0.9356619716399743
SENSOR 18 1.5091065988412697 -0.8372520907637764
ODOMETRY 0.30910822864632514 0.35934709678771176 0.1451043645668597
SENSOR 3 3.1968230565677946 0.5474081114367353
SENSOR 18 1.399961787179414 -1.5275602174774097
ODOMETRY 0.23374653758743835 0.5253453165521816 0.12464974556966468
SENSOR 3 2.701975579440072 0.24903802902818128
SENSOR 18 1.5856908779246994 -2.217295719284971
ODOMETRY -0.00035107658982647116 0.5340836850164978 -0.010961590658888465
SENSOR 3 2.1883883045775825 0.3206225001937195
SENSOR 18 1.9543577888394328 -2.425940263064801
ODOMETRY -0.15296946123201804 0.5305563991592216 -0.2010195210084651
SENSOR 3 1.733202147019916 0.814683053505715
SENSOR 4 2.1595425553581813 -0.8137016078451693
ODOMETRY -0.24793751019166033 0.6124742522608385 -0.25893988028254267
SENSOR 3 1.531683799625767 1.678426847148085
SENSOR 4 1.6749977341616342 -0.5041159608661423
ODOMETRY -0.20547156452097504 0.6095820341179057 -0.23107967115171135
SENSOR 3 1.8146123338406595 2.4402828887212067
SENSOR 4 1.1070237348847676 -0.2302967857535565
ODOMETRY -0.2520095891564731 0.6404239393344064 -0.27415288643150504
SENSOR 3 2.407597355565355 3.0822376769196937
SENSOR 4 0.4669578079820911 0.32564645751313215
ODOMETRY 6.148478220575066 0.6591987216260485 -0.08768251865917431
SENSOR 3 3.0653272365918434 -2.994747875608795
SENSOR 4 0.31787899146784704 2.5182430950864925
ODOMETRY -0.0036478776196342544 0.6602119024541749 -0.004040330306735118
SENSOR 3 3.7193943048186706 -3.0136753222278125
SENSOR 4 0.9373434867867243 2.9473740420425205
SENSOR 13 3.261077103369794 -0.6251671196018069
ODOMETRY -0.046074068164995374 0.6592424392669066 -0.12968332505837754
SENSOR 3 4.370173671933575 -2.8640353427202045
SENSOR 4 1.5923409401053048 -3.0989067952989537
ODOMETRY -0.20317914166498507 0.570735676057146 -0.3282861557741219
SENSOR 3 4.883356410445112 -2.38664253857276
SENSOR 4 2.150404540766673 -2.632085724232801
ODOMETRY -0.28498492160520605 0.5265760181591499 -0.17741874306996008
SENSOR 4 2.54721028994665 -2.3177232007909794
ODOMETRY 0.0017993557104407643 0.6639896619452844 -0.05506251947603413
SENSOR 13 1.0961605835174109 0.6268843623256619
ODOMETRY -0.061605739737707 0.5969214038038168 -0.0804039430342216
SENSOR 13 0.7398246842862785 1.3071561239269034
ODOMETRY -0.1019469829671864 0.5474285843117084 -0.14681646118539304
SENSOR 13 0.846532153347809 2.248125325903259
ODOMETRY -0.1042043798869361 0.36594783034098577 -0.17334920858880776
SENSOR 13 1.1344348691701092 2.756708110752455
ODOMETRY -0.1991580937228381 0.19665752716967666 -0.03109762745716227
SENSOR 13 1.3282068923127859 3.014308525766168
ODOMETRY 0.07039405462492432 0.23638641967475618 0.02621185524005365
SENSOR 13 1.5606803738377057 2.9474534540272534
ODOMETRY 0.01870535748683755 0.24267722473782427 0.04748454480510789
SENSOR 13 1.798612034339878 2.9097690605830877
ODOMETRY 0.006241550092801473 0.12956836238062366 0.17459436804559658
SENSOR 13 1.9247686033500104 2.74480853401543
ODOMETRY -2.7207945054616327 0.032141081135478373 2.5794893963296794
SENSOR 13 1.902928977738083 2.8737919390906708
ODOMETRY -3.19646250880476 0.19857957702265658 3.102318605089205
SENSOR 13 1.7093493737779792 2.9433831445773446
ODOMETRY -3.193827915463945 0.3219911322609213 3.1177430028948296
SENSOR 13 1.3915711149639967 2.9858050181302946
ODOMETRY -3.1680900524796654 0.3957524471179479 3.0395916960858598
SENSOR 13 1.0004238003302581 3.06327835554751
ODOMETRY -3.2500558460881517 0.4058207800512994 3.046274154230593
SENSOR 13 0.5949132317140231 -2.995560821047655
ODOMETRY -3.066703345856055 0.051397962140046605 3.3460441359309536
SENSOR 13 0.5436575602050647 3.0150039642201785
ODOMETRY -1.7214437106526879 0.00691934651631074 2.7340621109141297
SENSOR 13 0.5435351246743304 1.989658638851859
ODOMETRY 0.5120726045015807 0.02395545310256048 0.5026863549112441
SENSOR 13 0.5418306887582527 1.0189340510180038
ODOMETRY 0.2838292920301604 0.19778923893141415 -6.097326839530627
SENSOR 13 0.4167909370504535 0.8731458740604712
ODOMETRY 0.1779824214253085 0.3047971799239483 0.006836503052617182
SENSOR 13 0.2673959319549229 1.5067961474378517
ODOMETRY -0.16746357506318788 0.36257419265412943 6.034804779335701
SENSOR 13 0.4722145567609793 2.7916820104080964
ODOMETRY -0.28582883780503154 0.3735065365764675 -0.3183520438951657
SENSOR 13 0.845292928279191 -2.859022417126716
ODOMETRY -0.31055955426869186 0.38734746755939137 -0.23063996964122446
SENSOR 13 1.1864029243911902 -2.501345282288341
ODOMETRY -0.15912081748549078 0.4094675168968513 -0.12037836108569588
SENSOR 13 1.5008553868667598 -2.4187060964526896
ODOMETRY 0.01969369434181578 0.46029675879868404 0.020323351320799876
SENSOR 13 1.875728677183193 -2.6180838584681245
ODOMETRY 0.002920528244526599 0.4968888265307781 0.012073894726992718
SENSOR 13 2.3199948411934757 -2.7398102758186758
ODOMETRY -0.002751359779599838 0.4564488265342951 -0.04523298645494789
SENSOR 13 2.7454860858254686 -2.75730877109931
ODOMETRY -0.13375065457523982 0.3409096515228654 -0.018406231590148314
SENSOR 13 3.04634715582309 -2.6605940042800222
ODOMETRY -3.2580238642816592 0.14369384588095113 3.2481908820616545
SENSOR 13 2.928659037807061 -2.623157658845155
ODOMETRY -3.0829905679962755 0.3391128445884428 3.255721005187655
SENSOR 13 2.6290820147721736 -2.7386133349880364
ODOMETRY -3.107386125313524 0.3289782028832717 3.1432402526783063
SENSOR 13 2.3252468054154734 -2.7234455370874238
ODOMETRY -3.1372277852330006 0.4100244876876072 3.1382623682066244
SENSOR 13 1.956782865306698 -2.6401292389254545
ODOMETRY -3.1177863120251468 0.43789657481859384 3.1742975737005557
SENSOR 13 1.580767726434092 -2.568950003236093
ODOMETRY -3.0620984176328028 0.49185977454625984 3.2780054799503318
SENSOR 13 1.1709003537210807 -2.584660849205719
ODOMETRY -2.9325903166415555 0.5082205580491458 3.359030154492346
SENSOR 13 0.7144631314082712 -2.7661276647411
ODOMETRY -2.863702268103923 0.525428363967351 3.487905727930201
SENSOR 13 0.19825592138897422 -3.129185767347538
ODOMETRY -2.694139021401698 0.39521019093728865 -2.7407437260507583
SENSOR 13 0.23105854231601883 -0.03084346249994452
ODOMETRY 0.7292663432186817 0.1338054706497421 0.28303472854051703
SENSOR 13 0.1627183800952839 -1.64548748008504
ODOMETRY 0.4816994535971184 0.3981641337187685 0.18972706868504652
SENSOR 13 0.5034331022413358 -3.053285836302778
ODOMETRY -0.10436897457902983 0.543038406960698 -0.1840204642014983
SENSOR 13 1.0416260844859928 -2.8648916529327906
ODOMETRY -0.25605330576025875 0.5996122141062952 -0.275746890450808
SENSOR 4 2.5983975311168632 0.9491276466026175
ODOMETRY -0.21850733090650198 0.6281591456242582 -0.24654030932549786
SENSOR 4 2.421886017087848 1.6550714694836985
ODOMETRY -0.24574727996693024 0.5965037216999649 -0.3359693356643776
SENSOR 4 2.675383424874271 2.449312371659273
ODOMETRY -0.25306547582767847 0.6626003954350661 -0.19155070194774027
SENSOR 4 3.2871911054675436 2.979747412775186
ODOMETRY -0.07477733175282664 0.6581806737275752 6.232317894558809
SENSOR 4 3.943293957012817 3.1199069379088336
ODOMETRY 0.00828867498809105 0.660139498266812 -0.008043289334954462
SENSOR 4 4.603179438036069 3.123959533140745
SENSOR 5 4.96615865673125 -0.07502312201450101
ODOMETRY 0.013143106550603356 0.649585384287545 -6.176024281403274
SENSOR 5 4.31947505559874 -0.20856937179594226
SENSOR 11 4.137007834676174 1.5764389146899251
ODOMETRY 0.35433960696179145 0.4382342712325356 0.3254136628763207
SENSOR 5 3.955776536317978 -0.9474765257147837
SENSOR 11 4.008489676680818 0.9996144109933462
ODOMETRY 0.43838693300328746 0.531229715144666 0.27229544767461533
SENSOR 5 3.8932698694504086 -1.7926858857921202
SENSOR 11 3.569962906759112 0.3682131219695197
ODOMETRY 0.14839039580579216 0.6554213901367079 0.1833232223806558
SENSOR 11 2.933796691897674 0.08523347373858137
ODOMETRY 0.23256513500771137 0.6582701452620376 0.2969575338116528
SENSOR 11 2.2847025581985396 -0.48659771512401084
SENSOR 12 4.8411726473583405 -0.20347148899551737
ODOMETRY 0.2360954651196785 0.6520887358956186 0.20566936885063453
SENSOR 11 1.8466892965079085 -1.1640906039060632
SENSOR 12 4.260121359588274 -0.7104202455811812
ODOMETRY 0.18705241246459992 0.6611200752251428 0.12711789155409536
SENSOR 11 1.820796924777582 -1.8405009151064389
SENSOR 12 3.882409602340875 -1.1581085742189128
ODOMETRY 0.10217002552944288 0.6585426249310273 0.024235285108912208
SENSOR 11 2.149505949815896 -2.256359500658762
SENSOR 12 3.7342141404604483 -1.4532329191001772
ODOMETRY -0.008504526194069412 0.6626867052111975 -9.928957545635164e-05
SENSOR 11 2.616175301437425 -2.446490928200325
SENSOR 12 3.709612023066396 -1.6227929012256854
ODOMETRY -0.07262055971827468 0.6574867779403659 -0.14651492895497148
SENSOR 11 3.1227980532836903 -2.374104104926043
SENSOR 12 3.7540528360940946 -1.5796680770393414
ODOMETRY -0.17053539908065796 0.6603011835430137 -0.2024030011314224
SENSOR 11 3.5534085469472694 -2.1515773410665973
SENSOR 12 3.705527137198406 -1.3835192522308368
ODOMETRY -0.23052108710106145 0.6603882504196898 -0.2599757680950435
SENSOR 11 3.830571613486459 -1.8237285858918086
SENSOR 12 3.490163058784588 -1.0668350603058725
ODOMETRY -0.14485616705255278 0.6596018758203309 -0.11034249543185815
SENSOR 11 3.956441879023949 -1.7350415273205628
SENSOR 12 3.1359572909151634 -0.980025826472855
ODOMETRY -0.07186724967407132 0.6591549772166758 -0.07915160673321875
SENSOR 11 4.070510912135308 -1.745973440726038
SENSOR 12 2.7794571452545447 -1.0170780941669886
ODOMETRY -0.0827003479400823 0.6591696386033676 -0.07263035436375254
SENSOR 11 4.183194481711134 -1.7481961081332376
SENSOR 12 2.4458419637148565 -1.0802261913185447
ODOMETRY -0.020657704161167745 0.6365109004918332 -0.033390484716273594
SENSOR 11 4.328457786187009 -1.8399134446187482
SENSOR 12 2.2054387416819763 -1.2806240208934838
ODOMETRY -0.0009138568567998995 0.29246348415071627 -2.249567564693855e-05
SENSOR 11 4.414976271705484 -1.9028958096596318
SENSOR 12 2.1399224812598727 -1.4109853749724819
ODOMETRY 3.2119058019007305 0.3582949002306478 -3.0998112565841973
SENSOR 11 4.287347737820111 -1.938019780232282
SENSOR 12 2.201068019636255 -1.3602302815642255
ODOMETRY 3.2225829209015613 0.43823577847392226 -3.017462260379631
SENSOR 11 4.116425791143172 -2.047048227572221
SENSOR 12 2.299135982127824 -1.375196061357138
ODOMETRY 3.2318187336437187 0.5119915210538691 -3.1187614289382237
SENSOR 11 3.86587367619761 -2.048120274194453
SENSOR 12 2.407443182689067 -1.2751535417127142
ODOMETRY 3.069234296812924 0.6095341355444671 -3.344979402509521
SENSOR 11 3.6687522106869586 -1.6190715438854257
SENSOR 12 2.687587329814437 -0.7861847764258094
ODOMETRY 2.9443591729130665 0.2109320059622173 -3.826079144086523
SENSOR 11 3.7059315066121137 -0.6810346940348659
SENSOR 12 2.8653789451881937 0.13643838929047858
ODOMETRY -0.5830999218523298 0.35371933832267405 5.8513826772217215
SENSOR 11 3.354085436914845 0.3235560492709251
SENSOR 12 2.609775211237202 1.2407836706533404
ODOMETRY -0.24866563291986443 0.5757615200112034 -0.07323247958928603
SENSOR 11 2.88692729543008 0.7536608257667741
SENSOR 12 2.626448573904762 1.7829504782445742
ODOMETRY 0.047601224747104265 0.6431882390248338 0.1375774741573479
SENSOR 11 2.4335599172395623 0.7408220709642883
SENSOR 12 2.8045278387281156 1.825988906604712
ODOMETRY 0.24468323650106338 0.567772079569751 -5.992681699859522
SENSOR 11 1.953037897290759 0.34446957613611273
SENSOR 12 2.867265187672377 1.4901270713418215
ODOMETRY 0.2683092509842977 0.6518525032977482 0.2899151916278919
SENSOR 11 1.3040185202675916 -0.1757114769538246
SENSOR 12 2.7143937828542293 1.1595345662969496
ODOMETRY 0.29515602479990743 0.5516984126696096 0.31119361816916014
SENSOR 11 0.8500401631459727 -1.0809274445077999
SENSOR 12 2.3933609541684846 0.7294448020144753
ODOMETRY 0.16620316996432227 0.6340003719471062 0.029960638463716993
SENSOR 11 0.8841495693915851 -2.02463607824994
SENSOR 12 1.8878920645801633 0.7135627072024251
ODOMETRY 0.001959784737158854 0.6802226288141373 -0.004190923694184612
SENSOR 11 1.3318740762971613 -2.4988078582962556
SENSOR 12 1.442833508262057 1.0287569670617192
ODOMETRY 0.05352534282743182 0.550656845790357 0.048703129118804256
SENSOR 11 1.815639992939511 -2.770394183171165
SENSOR 12 1.2221265151909326 1.3087670784423056
ODOMETRY 0.02665447617968586 0.14093600091026232 -0.028806492936512162
SENSOR 11 1.9488745993945795 -2.7926707964318567
SENSOR 12 1.1896995464313525 1.424726044647275
ODOMETRY 3.140204264624244 0.39374611973125867 -3.1393914592959096
SENSOR 11 1.5848135712065332 -2.7081147593634656
SENSOR 12 1.305947187603259 1.120947502791366
ODOMETRY 3.149239183760175 0.4966540795612034 -3.153591643676524
SENSOR 11 1.1509451577652936 -2.524553804135776
SENSOR 12 1.589069931266343 0.8410866904426206
ODOMETRY 3.1371529728125815 0.49337070076584055 -3.197482293291241
SENSOR 11 0.8029671898341292 -2.098370380045454
SENSOR 12 1.9515818679684322 0.711089485367209
ODOMETRY 3.033481359189694 0.4898774649681998 -3.431929813140163
SENSOR 11 0.7512207037853132 -1.0619395501791953
SENSOR 12 2.313919759288684 0.9542398429911252
ODOMETRY -0.7338357758589662 0.0989151117520254 -0.2630177362555983
SENSOR 11 0.6583543063823841 -0.11352153301102685
SENSOR 12 2.327567833034778 1.9933111658119351
ODOMETRY 5.831132570429183 0.458880246245127 -0.28141425572461287
SENSOR 11 0.27218165089661794 1.2142130004678418
SENSOR 12 2.695763109096271 2.8361649157672835
ODOMETRY -0.011025227110378566 0.5823957792296227 0.086540811488244
SENSOR 11 0.5530651447317796 2.573628283671791
SENSOR 12 3.2574881824150954 2.812550849817768
ODOMETRY 0.25478473454407347 0.5854756985615955 -5.926889315797104
SENSOR 11 1.0436351841457365 2.386340556488223
SENSOR 12 3.7598615431520703 2.2874104996463505
ODOMETRY 0.3400651656099214 0.488126218469175 0.10414862438958172
SENSOR 11 1.3393414509061874 2.272107697393091
SENSOR 12 3.965418699644901 1.9579197600275275
ODOMETRY -0.13072704624118048 0.4657386382637427 -0.3276107730284048
SENSOR 11 1.7126238698370433 2.914603995216333
SENSOR 12 4.215434542407527 2.5124036737448616
ODOMETRY 5.897699471973385 0.383397345814859 -0.43707356827508814
SENSOR 11 2.092090908479023 -2.5749507330779076
SENSOR 12 4.588435634961846 -2.9280586520580085
ODOMETRY -0.3920377102920334 0.3862377591505715 -0.43029330694679113
SENSOR 11 2.335515046470136 -1.8883855547414536
SENSOR 12 4.910915309176985 -2.1505120533247664
ODOMETRY -0.35137267463280386 0.3835293050404179 -0.26689992246114635
SENSOR 11 2.353978442300716 -1.4336764473776853
ODOMETRY -0.22709466759158048 0.41374851281152636 -0.25946415612569257
SENSOR 11 2.240206820286487 -1.1205629627182785
SENSOR 12 4.949808934334158 -1.2024510286157886
ODOMETRY -0.08727738664134271 0.5683466742610288 0.08055558964387755
SENSOR 11 2.009421548621714 -1.3592535348179662
SENSOR 12 4.727354710493584 -1.303900659894082
ODOMETRY 0.28895618310518834 0.5654660947237609 0.30626624470326846
SENSOR 11 2.129148807734397 -2.222459794644185
SENSOR 12 4.773423029989404 -2.017834227721451
ODOMETRY 0.31896490331236094 0.5570036816822977 0.3090218356344423
SENSOR 11 2.607854667776734 -2.971370885047715
ODOMETRY 0.09543573803174343 0.6558314030345614 0.1246987692996897
SENSOR 11 3.2622209506286066 3.0766585032860627
ODOMETRY 0.1710160873466542 0.659735352972567 0.1566471817579571
SENSOR 5 3.5005422540792965 0.5994028442409705
SENSOR 11 3.9067221011160074 2.788482158452858
ODOMETRY 0.19349129604539428 0.6596919330603077 0.2191280332156782
SENSOR 5 2.906152352102161 0.27653573721637725
SENSOR 6 4.737685032266241 0.5729106276740854
ODOMETRY 0.21065318850634362 0.6585921531776577 0.17440805590932662
SENSOR 5 2.2494069098071523 -0.0892488557972193
SENSOR 6 4.128438680631975 0.24441323285179806
ODOMETRY -6.167663583217854 0.6615745802189064 0.01738786145308069
SENSOR 5 1.6072938104061751 -0.3059538341995722
SENSOR 6 3.473392945737544 0.13598804573668177
ODOMETRY 0.011084406059790997 0.6477562603759294 -0.008319380727611403
SENSOR 5 1.0121692156937245 -0.5095793039917016
SENSOR 6 2.831832933546259 0.1617232303829006
ODOMETRY 0.023422823422866834 0.6594273206311234 0.06006779173368759
SENSOR 5 0.5564147577422237 -1.2393151179996575
SENSOR 6 2.1805978051139374 0.11993446937292118
ODOMETRY 0.19884129413393703 0.6538176493920798 0.2666071454602843
SENSOR 5 0.8005313728105039 -2.648158263985912
SENSOR 6 1.5296829538792809 -0.3792117439139666
SENSOR 10 2.175990851861132 0.8466931884994064
ODOMETRY 0.3350264989636482 0.6372418364514322 0.36428358675787287
SENSOR 5 1.4333240288193396 2.8655269072937095
SENSOR 6 1.1282452544946142 -1.4575016962968839
SENSOR 10 1.6501277257286122 0.3376127763017154
ODOMETRY 0.21539557554427047 0.6569558617163244 0.14579961507284334
SENSOR 5 2.0362649860714814 2.6571790251436234
SENSOR 10 1.0012806169452295 0.05649226521832684
ODOMETRY -0.015535544372502263 0.6625469627704762 -0.05481581031189764
SENSOR 5 2.6443109424577393 2.8409962021949884
SENSOR 10 0.34377419888143834 0.2659895007742228
ODOMETRY 0.012330883891339184 0.6671800802647951 0.039495773931489175
SENSOR 5 3.28551642944673 2.8517235288558673
SENSOR 10 0.34535489006904346 2.849624636026368
ODOMETRY 0.06756500392903297 0.6327460040571534 0.15012468962938286
SENSOR 5 3.884584665404856 2.6910540672738987
SENSOR 10 0.9637101799695371 2.8650472303959322
ODOMETRY 0.15793743989260278 0.5288836145991371 0.18542487528009743
SENSOR 10 1.460521601591977 2.6747126239274426
ODOMETRY 0.26776544078947173 0.2919809635263912 0.4160320546632069
SENSOR 10 1.6885728460631575 2.107085897836935
ODOMETRY 0.4884439008842097 0.14200658275072184 0.4821853961603017
SENSOR 10 1.7012880565990698 1.2199280163316288
ODOMETRY 0.4869025242823469 0.39179919967802834 0.22288510925784877
SENSOR 10 1.434283834864202 0.6939556527124915
ODOMETRY 0.1718319155410457 0.6525297338913721 0.2588382996983969
SENSOR 10 0.9276517789879772 0.6217230268481728
ODOMETRY 0.21593935397492436 0.6614430566513588 0.15376738025396763
SENSOR 10 0.41294320548184504 0.9365138584631323
ODOMETRY -0.025095062127106882 0.6548724317055324 -0.12768683852327678
SENSOR 5 2.41103348254474 -0.7583159361831213
SENSOR 10 0.5384280999499425 2.589039747340653
ODOMETRY -0.0792438277490366 0.6573693664972555 -0.028313258913587935
SENSOR 5 1.9438510779411196 -0.864789633914965
SENSOR 10 1.1628023403516896 2.957235380094054
ODOMETRY 0.050941638711508475 0.6634766432882944 0.11398493551104893
SENSOR 5 1.6270710201079996 -1.3590026249757852
SENSOR 6 0.6997054482730148 0.884139028056131
ODOMETRY 0.14635213337296138 0.6598906902089569 0.1781419714630701
SENSOR 5 1.715339127771049 -2.0774873920616517
SENSOR 6 0.4916525163350153 1.6859421688035017
ODOMETRY 0.1585396149218825 0.6573997035039829 0.04976727355490196
SENSOR 5 2.1832640926626183 -2.5249727718416572
SENSOR 6 0.8036507788218351 2.434252134804736
SENSOR 9 3.973551632500397 1.2262511020302256
ODOMETRY -0.1949775927096593 0.5894921907842021 -0.3092915223178432
SENSOR 5 2.6241103702582835 -2.184388020816381
SENSOR 6 1.348769270241626 -3.1287266695979032
SENSOR 14 3.985942013289156 -0.4534027716235576
ODOMETRY -0.35227528707547173 0.5332219030040095 -0.3709937217102388
SENSOR 6 1.8566267067912305 -2.5081917688905806
SENSOR 14 3.455863644478007 0.25428874073279495
ODOMETRY 0.12958609976470603 0.6002423105187307 0.14524408393871946
SENSOR 14 2.861256577825667 0.005554233525244978
SENSOR 17 3.381374514601248 0.8189286263305653
ODOMETRY 0.14538164249543484 0.6344214381486688 0.165800829835838
SENSOR 14 2.2347769543931384 -0.3452043601879575
ODOMETRY 0.0752868508905653 0.6735018855667818 0.030705938053311677
SENSOR 14 1.6431090627178309 -0.6193106265022816
ODOMETRY -0.022048134326737134 0.6673747573107977 -0.07357778693435302
SENSOR 14 1.154009331159872 -0.8549400374155778
ODOMETRY -0.19304667262525843 0.665251906012155 -0.19167944765575906
SENSOR 14 0.7504113629292908 -1.046439772134017
ODOMETRY -0.09868478073833598 0.6620941065196514 -0.13339822957129077
SENSOR 14 0.6493553800144771 -1.7899579202488303
ODOMETRY -0.12831489639348415 0.41272908746711445 -0.29221343580117887
SENSOR 14 0.8003974088246544 -1.9087217945122101
ODOMETRY -0.18287807233762854 0.08223127426039102 -0.4652581842463376
SENSOR 14 0.8171450571204336 -1.360175322714388
ODOMETRY -0.23524295795927896 0.22824514927135492 -0.3006319343133371
SENSOR 14 0.7476377373886918 -1.1033508778330843
ODOMETRY -0.08577365581280602 0.11086096320912218 -0.5115469506421898
SENSOR 14 0.6958111907095049 -0.6420096580833619
ODOMETRY -1.4829761014033096 0.0026774649435103858 0.6853300817706687
SENSOR 14 0.6940288788041634 0.1585115802426591
ODOMETRY -0.4637576401837855 0.04938033206221417 -0.09541122292498905
SENSOR 14 0.6545376602949649 0.7616689263591923
ODOMETRY -0.11247194128407445 0.2707328478899401 0.09374893448197463
SENSOR 14 0.5237429757237726 1.188063972784021
ODOMETRY 0.043982736581018145 0.35064060553360793 0.02385977063431488
SENSOR 14 0.4952172326351464 1.820673130284101
ODOMETRY 0.1353416964876879 0.33701540427808624 0.21644448476407963
SENSOR 14 0.6300530315766861 2.0291338930889697
ODOMETRY 0.16634471093295722 0.33883103330407616 0.0491358604836889
SENSOR 14 0.7966677012611076 2.233157724118227
ODOMETRY -0.012678659510527046 0.4575279677927202 0.012341009654902368
SENSOR 6 4.503788696689455 0.3896706727852428
SENSOR 14 1.1399918430019138 2.55218388132916
ODOMETRY -0.14535477967649513 0.40793407326594744 -0.31741010059976915
SENSOR 6 4.158066303651132 0.9024773950965539
SENSOR 14 1.5185100737070576 3.1306157040064724
ODOMETRY -0.37100678434133183 0.3657071508246424 -0.38439813878548446
SENSOR 14 1.8652254670267936 -2.466294174126891
ODOMETRY -0.24118360664597782 0.43859731915248795 -0.09213136813128298
SENSOR 14 2.1603770764305628 -2.2947726238956907
SENSOR 17 1.3119014654940357 -0.7349551308840709
ODOMETRY -0.0019216528908971853 0.588816401046086 0.02111263722835588
SENSOR 17 0.9589955218650207 -1.177520478388237
ODOMETRY 0.07834897898560955 0.6445744432547004 0.054688625775898725
SENSOR 17 0.9758136084259533 -1.9896212048584383
ODOMETRY -0.009771143937706839 0.660995821854509 0.0052227344114106344
SENSOR 17 1.3792102447608698 -2.4403562592331234
ODOMETRY 0.013951834198036916 0.6616177170500411 0.023777863835920954
SENSOR 17 1.9366588539811247 -2.6965628072059884
ODOMETRY 0.0016418664413642148 0.6600680962406071 -0.03991966100485822
SENSOR 17 2.548680277330119 -2.769619722254528
ODOMETRY -0.0568617931367541 0.57110358030044 -0.13703244160669747
SENSOR 17 3.0772474631394107 -2.6529723360401753
ODOMETRY 6.1687480672560335 0.38263804233598064 -0.21837583455072895
SENSOR 17 3.3993246634370267 -2.384044292191138
ODOMETRY -0.20776376584937806 0.1575356005813373 -0.24576464659245145
SENSOR 17 3.4913912636034627 -1.9676242085089957
ODOMETRY -3.2068283885627173 0.018802649281813657 2.6697050931583237
SENSOR 17 3.4853154261563843 -1.4253999526361403
ODOMETRY -0.6588260400499808 0.01650388150783803 -0.18780478237507447
SENSOR 17 3.473446687519454 -0.5820650764411615
ODOMETRY -0.40340002244305784 0.17585658335789284 -0.283837850694142
SENSOR 17 3.300537389754921 0.09570373203702687
ODOMETRY -0.16578214512721978 0.29305952504998406 -0.2621105499896145
SENSOR 17 3.018390793759424 0.548698741032994
ODOMETRY 0.03439365883850301 0.05561719313900609 -0.07880207542394746
SENSOR 17 2.9700945491553283 0.6023190360438848
ODOMETRY 0.24745745346255332 0.3930890970113038 -0.11675394566115782
SENSOR 17 2.605079978731986 0.5240690485834447
ODOMETRY 0.05165076683033254 0.49165603037020694 0.04146559811666706
SENSOR 17 2.1787914847167285 0.5338164440201325
ODOMETRY 0.03840790652347103 0.4016144595152694 0.21899949137166275
SENSOR 17 1.8354184535156046 0.38061958707676613
ODOMETRY 0.40506597403937633 0.4143982343654412 0.24729028004360382
SENSOR 17 1.4211801403483832 -0.278864275998016
ODOMETRY 0.2183228277956475 0.5428445049525561 0.19925296262811987
SENSOR 17 0.9789194149852946 -0.9641130598544061
ODOMETRY 0.11074035731705179 0.5622687148250894 0.10432081855002306
SENSOR 17 0.8663638677103479 -1.7866629517185817
ODOMETRY 0.1419795977880105 0.5649859525017591 0.14238829955593646
SENSOR 17 1.1885647447313687 -2.5324725906139878
ODOMETRY 0.15398907354033708 0.5550518265335562 0.19485308849813077
SENSOR 17 1.704665752084128 -3.02493852017182
ODOMETRY 0.2052478275121361 0.5454214339675371 0.22670233624099945
SENSOR 17 2.248466047563157 2.8477607764141855
ODOMETRY 0.172336639578746 0.49728933965552197 0.009001628832048247
SENSOR 17 2.701953954163272 2.7492406595200265
ODOMETRY -0.1431640447944198 0.18276496681028653 -0.4690697940279782
SENSOR 17 2.8794266559654695 -2.9060567195939697
ODOMETRY -0.3843564284160319 0.07797141337483991 -0.5003684442724976
SENSOR 17 2.943239375511539 -2.0367227425918215
ODOMETRY -0.22623153989931621 0.029529068059957267 -0.5392908381952847
SENSOR 17 2.9503892064107338 -1.280922911408569
ODOMETRY -0.43752449542014893 0.02715628526231317 -0.37729552509918707
SENSOR 17 2.9324023715958236 -0.4730198764560849
ODOMETRY -0.18238191732469222 0.22465990157973764 -0.12050272342186052
SENSOR 17 2.7179270054111146 -0.19382437322764945
ODOMETRY -0.16235519317612823 0.21833958986329244 -0.171652467349251
SENSOR 17 2.4997049585439033 0.1374350259549333
ODOMETRY 0.23619678186663096 0.23409196253638032 0.018175064405225205
SENSOR 17 2.266871236114401 -0.1271192101236709
ODOMETRY 0.007927679242443864 0.3664650891991177 -0.00684660979687246
SENSOR 17 1.9043820702299512 -0.154111676007199
ODOMETRY -0.014520652579247728 0.3152288965640332 -0.07885699108814093
SENSOR 17 1.5928233994899947 -0.08827374780740849
ODOMETRY -0.12817094497323311 0.5216531152992057 -0.15358488648556856
SENSOR 17 1.0717873947855858 0.21289664608763514
ODOMETRY -0.10535602313957826 0.5254132832138222 -0.06704968794153965
SENSOR 17 0.5958871565106624 0.6648290899384164
ODOMETRY 0.12965401052862924 0.5307706919280073 0.1273935528219935
SENSOR 17 0.30444202256704944 1.503222776487477
ODOMETRY 0.17801759980933518 0.4864002564726033 0.1716628212350444
SENSOR 17 0.5072124895826622 2.348479078468488
ODOMETRY 0.13080857134648272 0.5233127388955754 0.15104662563091975
SENSOR 17 0.9225336488301412 2.5363635604924095
ODOMETRY 0.17421965128509426 0.5997101722268814 0.11048182072593782
SENSOR 14 2.0327877246129855 0.9495764675582157
ODOMETRY 0.03785621590779183 0.6625711617313761 0.08766121001175642
SENSOR 6 3.877076904223507 -1.2191893943653294
SENSOR 14 1.7092747566482707 1.135516656195998
ODOMETRY 0.10689347729050838 0.588674163353945 0.028600172414731923
SENSOR 14 1.4932366178022027 1.3444853344851726
ODOMETRY -0.039984236709659476 0.4908024905349083 -0.10139808442487194
SENSOR 14 1.4829390924872305 1.8171304924735008
ODOMETRY 0.006904905233978659 0.6695686441450515 -0.06139387885496201
SENSOR 14 1.7658916813432788 2.2488542781574
ODOMETRY 0.016209698948441466 0.6487953882307704 -0.02541313988793551
SENSOR 14 2.2243091170005194 2.490235248580615
SENSOR 15 4.343823261087388 -0.2497539205551349
ODOMETRY -0.006504411184686018 0.6515148629702137 -0.052961894457885204
SENSOR 15 3.7148045869431043 -0.2325426243406441
ODOMETRY -0.1222283301341617 0.6698077972015286 -0.11021765433754466
SENSOR 15 3.049959725774266 -0.02427623404773316
SENSOR 16 4.498816751694923 0.7281350415229126
ODOMETRY -0.04065615241453771 0.6626028949964937 -0.042596200518278615
SENSOR 15 2.3874703850632413 0.06352190653200163
SENSOR 16 4.048863983516806 0.925415856092914
ODOMETRY 0.02111076499762088 0.609691923589194 0.0828880648482925
SENSOR 15 1.7785145765654782 -0.025941821941495302
SENSOR 16 3.7030715638003078 0.9511911858044115
ODOMETRY 0.0787502442194711 0.6275305926326391 0.10965798184864659
SENSOR 15 1.156280931867368 -0.27109467828966416
SENSOR 16 3.3344159342887973 0.9074278233410347
ODOMETRY 0.13133257511190854 0.60534729204806 0.11068381344188521
SENSOR 15 0.6444857180931602 -0.8898267962481028
SENSOR 16 2.9332203846258045 0.8104860283666646
ODOMETRY 0.11084021022852689 0.6117564567842864 0.06205766602810614
SENSOR 15 0.603326060020536 -2.0855710394900804
SENSOR 16 2.496461135000259 0.7960492832069646
ODOMETRY 0.08940560901058997 0.5798877854527171 0.12285631487228676
SENSOR 15 1.047748112770254 -2.7707451312969678
SENSOR 16 2.0896302777096825 0.7649581347251315
ODOMETRY 0.12838259497360405 0.4462113473638377 0.19826904306779558
SENSOR 15 1.4847775191538506 3.113571105678102
SENSOR 16 1.7510223576132107 0.590373798555762
ODOMETRY 0.13694859378507473 0.18937674803487714 0.5470412057123422
SENSOR 15 1.6718724326045122 2.4481842736551664
SENSOR 16 1.5829569320457655 -0.04118629221935777
ODOMETRY 0.44774039459360226 0.09718373919055126 0.49918652951400366
SENSOR 15 1.7146321310401504 1.552807828242539
SENSOR 16 1.4978551331361587 -1.018591591017552
ODOMETRY 0.4846007012188087 0.20604317865263516 -5.934425451146695
SENSOR 15 1.6254420756117425 0.8307628129459994
SENSOR 16 1.4981078972955837 -1.989607915517837
ODOMETRY 0.0681734188830796 0.3212191760410378 -0.02194802626645931
SENSOR 15 1.410745091201859 0.9424839096176294
SENSOR 16 1.672691474412853 -2.206371287552101
ODOMETRY 0.11837181712484668 0.3069588764010707 0.2850631829066441
SENSOR 15 1.223182416319975 0.7242907546599677
SENSOR 16 1.8960622274879833 -2.7281007105176958
ODOMETRY 0.25407631269477005 0.2581379780078163 0.27220791213984485
SENSOR 15 0.9999233476158251 0.3152403507161785
SENSOR 16 2.151317362491093 3.0097517505685154
ODOMETRY 0.10572829178564591 0.1521596989050103 0.04236483118659984
SENSOR 15 0.8516791614302363 0.204313647156261
SENSOR 16 2.2994821819051414 2.8772320606174366
ODOMETRY -0.21550665055320906 0.2585656166877727 -0.2570308360060134
SENSOR 15 0.6245235300966583 0.8464158225861289
SENSOR 16 2.5577704674978867 -2.9284790477361673
ODOMETRY -0.25884407789771835 0.3278097661139228 -0.15704638833477436
SENSOR 15 0.5600767382578681 1.8126824421280716
SENSOR 16 2.8536383575913487 -2.5648377583629447
ODOMETRY -0.21573464301250223 0.4121011128240279 -0.22210627037898467
SENSOR 15 0.8291334860075064 2.7126864873017666
SENSOR 16 3.1566345004915712 -2.220096926966434
ODOMETRY 6.234776210339282 0.5155977158242258 -0.03782344349369815
SENSOR 15 1.3217990115828195 2.944296564859769
SENSOR 16 3.4742694811597192 -2.256581044006865
ODOMETRY -0.23633501082579622 0.5014502979452249 -0.3279248878782184
SENSOR 15 1.82297230253447 -2.785364872350519
SENSOR 16 3.7196565560001438 -1.814043851252465
ODOMETRY -0.308976359112068 0.4309145489301131 -0.3449769047977742
SENSOR 15 2.1783101197585877 -2.2538158037062272
SENSOR 16 3.7163122126276784 -1.2760521128971662
ODOMETRY -0.30386781709374566 0.39001108634164755 -0.33245521324855165
SENSOR 15 2.350754549607832 -1.7722354672066407
SENSOR 16 3.5113556406893993 -0.7316164508167162
ODOMETRY -0.11581504339515614 0.43800354352600374 -0.1231115357016841
SENSOR 15 2.4277566747794084 -1.7140452362696665
SENSOR 16 3.1639399503566055 -0.5727378156948726
ODOMETRY 0.05053171986934579 0.437150651581356 0.08864663410195672
SENSOR 15 2.548303505495108 -2.0223638814592717
SENSOR 16 2.8205501648495175 -0.8025052786807216
ODOMETRY 0.09962056205341119 0.43811105329492755 0.08856480866140992
SENSOR 15 2.8027041758677327 -2.3441131458705287
SENSOR 16 2.5720223471670227 -1.1247462981039056
ODOMETRY 0.12841670400320981 0.42315712337355926 0.19947688153416987
SENSOR 15 3.1455989197508067 -2.7555422323091694
SENSOR 16 2.472756272508767 -1.615932026749056
ODOMETRY 0.019950869163227525 0.3679307619525594 -0.055898603778223865
SENSOR 15 3.4916322304612724 -2.7573251926130204
SENSOR 16 2.5235381814161992 -1.7259933741939775
ODOMETRY 0.4086441556344542 0.07951699079616655 -0.39533596606038857
SENSOR 15 3.571126122959953 -2.770090648755402
SENSOR 16 2.5669149791993386 -1.7654871273826536
ODOMETRY -3.0901988633858295 0.09093908504699713 3.1418256070870583
SENSOR 15 3.4849241067740473 -2.8135060061785957
SENSOR 16 2.5462894581669295 -1.782468528011699
ODOMETRY -3.150350629233248 0.2999290508344094 3.0938058101847066
SENSOR 15 3.20338456271108 -2.726010926892412
SENSOR 16 2.5031452709463946 -1.6082900386888825
ODOMETRY -3.2595281970839 0.3457252247424199 3.034269496924941
SENSOR 15 2.911021639516528 -2.440316123294455
SENSOR 16 2.5542789330364304 -1.247704960442565
ODOMETRY -3.2501341002392437 0.3544717372334902 2.9654938881493633
SENSOR 15 2.6788939682986257 -2.0597074660875045
SENSOR 16 2.7216839886889366 -0.8444923383519729
ODOMETRY -3.3353365600727973 0.4351873155641927 3.1416563893833045
SENSOR 15 2.586036883549297 -1.7043176103701514
SENSOR 16 3.0792383749555707 -0.5650923364353697
ODOMETRY -2.9178141763633416 0.4572282859328678 3.38852171375295
SENSOR 15 2.463647527789076 -2.0002680161425723
SENSOR 16 3.416860055685086 -0.940706872221222
ODOMETRY -2.942776210705441 0.23323741270468085 3.7246298612477204
SENSOR 15 2.334199416038643 -2.701193134796539
SENSOR 16 3.5207410879054826 -1.6623433774380718
ODOMETRY 0.6041998582476045 0.20421424738186705 -5.888086008661103
SENSOR 15 2.535898853697358 2.5958252187248014
SENSOR 16 3.654996799615059 -2.704542127813977
ODOMETRY 0.07635598089895845 0.4199455732242113 0.0299112847189984
SENSOR 15 2.8875540174910963 2.574412565597605
SENSOR 16 4.050632008076585 -2.847406653359865
ODOMETRY 0.036327160891139076 0.48766475808496573 0.041117911804890106
SENSOR 15 3.3006968977803193 2.580916889711359
SENSOR 16 4.523883321347501 -2.9523447942071908
ODOMETRY 0.0306873306759603 0.5616159575856788 -0.029933803965729755
SENSOR 15 3.779929555766863 2.6630898269097445
ODOMETRY -0.08766920543595047 0.5924079704762399 -0.027001777543402827
SENSOR 14 2.2265048512882175 -0.6993177518166735
SENSOR 15 4.333545693287968 2.829862595493771
ODOMETRY 0.0002042342688830523 0.5601566198745864 -0.004193399088201044
SENSOR 14 1.8337181167651218 -0.8933004827641202
ODOMETRY 0.08768220064371812 0.5199358065886607 0.3054002043752373
SENSOR 14 1.6038279182056203 -1.5591647894805813
ODOMETRY 0.37383207055983725 0.5036865189855289 0.3270658127432007
SENSOR 14 1.8434866516472972 -2.5184253622400457
ODOMETRY 0.1727105090139458 0.5530003817154826 0.07121582421689054
SENSOR 14 2.3536708868434397 -2.8648237147781153
ODOMETRY 0.1705966374885286 0.539043730053393 0.1423018818261561
SENSOR 14 2.8902438366636445 3.0856973465117754
SENSOR 17 3.393099550132295 -2.3886773481909094
ODOMETRY 0.03295412527047925 0.561372453432464 -0.04154352994181032
SENSOR 6 1.82172038487136 0.24356013301925294
SENSOR 14 3.4497615913906516 3.1087265190625404
ODOMETRY -0.1584784448334795 0.5143417189256377 -0.21970341107943625
SENSOR 5 2.6097974848351257 1.7241577144186637
SENSOR 6 1.3633267568523362 0.7699072774588958
SENSOR 14 3.9605751161559075 -2.8125474801528867
ODOMETRY -0.21820874372327892 0.42600542557183263 -0.2975721323149185
SENSOR 5 2.7928223890785215 2.3825480087031448
SENSOR 6 1.1836261351915947 1.5909324061959662
ODOMETRY -0.22264604353045936 0.4057673278746852 -0.16903620996546964
SENSOR 5 3.1484378458758293 2.840140744480868
SENSOR 6 1.3403503154120524 2.280871061015798
ODOMETRY 0.03928829238908138 0.4710114405653181 0.13252781774641287
SENSOR 5 3.59581649699268 2.712113073283417
SENSOR 6 1.6742911910836038 2.3312458404913645
ODOMETRY 0.21337779966143433 0.5573676134959785 0.208735725699154
SENSOR 5 4.055713144988485 2.3724789037993217
SENSOR 6 2.0210851246674237 2.146893356031759
ODOMETRY 0.21994201600343422 0.5848061881937135 0.17119607902460343
SENSOR 5 4.404239188004649 2.09251048579239
ODOMETRY 0.23796476910207787 0.5793898381500915 0.25827349480544504
SENSOR 9 1.2974481587830016 -1.4090010128911516
ODOMETRY 0.1697296352945512 0.5864766079035817 0.24892580152537147
SENSOR 9 1.42807605709551 -2.250837651326249
ODOMETRY -0.002860585545322647 0.5511958422377179 -0.10585054306150066
SENSOR 9 1.8247387045683907 -2.3797717342508964
ODOMETRY -0.0702930308350127 0.48215131380042636 -0.08980132586064726
SENSOR 9 2.1787393826879824 -2.3840346574980007
ODOMETRY -0.04467364473636071 0.46995536241461855 -0.0021723276217455734
SENSOR 9 2.5280846037329883 -2.4712304933248213
ODOMETRY 0.016394691843059084 0.49163693501601763 -0.013762704686829164
SENSOR 9 2.9335710773043466 -2.5759915908684405
ODOMETRY -0.017284504386134714 0.4207533455794015 -0.21202487853463614
SENSOR 9 3.2930029523277247 -2.417070500603492
ODOMETRY -0.020830502042776144 0.36749880924189554 -0.06350684375162508
SENSOR 9 3.5717663048908936 -2.4025730610741878
ODOMETRY -0.04768000113887205 0.2871545894309316 -0.060585933245374646
SENSOR 9 3.780022514285899 -2.3481192920358973
ODOMETRY -0.0007151786670400728 0.21588243340022478 -0.017518381952765116
SENSOR 9 3.9343413525883433 -2.369035163169203
ODOMETRY -0.02205940950808638 0.14709348012756962 0.005680380035969934
SENSOR 9 4.038753123237184 -2.378648569752947
ODOMETRY 3.148249832596363 0.16344459108979267 -3.145080534202319
SENSOR 9 3.921469615454531 -2.3532124918638573
ODOMETRY 3.1929166528159065 0.16069562889881378 -3.112740670773751
SENSOR 9 3.804016057221712 -2.404992214678625
ODOMETRY 3.2044427157040043 0.15396277472890113 -3.1513440249170106
SENSOR 9 3.684948400871997 -2.4320195693248854
ODOMETRY 3.269639536130793 0.18362560495701558 -3.035641760851038
SENSOR 9 3.532946350785372 -2.637463490211047
ODOMETRY 3.133130901100693 0.3354419890655171 -3.1149670161177694
SENSOR 9 3.2447896032634507 -2.6049049297337126
ODOMETRY 3.2130202231923946 0.3370184501992056 -3.1535983640029035
SENSOR 9 2.9474755276816533 -2.6130043885810226
ODOMETRY 3.2430377562149593 0.3640197390077141 -3.0912998156208773
SENSOR 9 2.6205046506190617 -2.7071630883224103
ODOMETRY 3.021553576105349 0.4017203436366658 -3.3443080476035005
SENSOR 9 2.288763240232204 -2.2918675563215807
ODOMETRY 2.8612633101793685 0.25523754440723156 -3.5232230917123286
SENSOR 9 2.192065256883763 -1.5244023829340083
ODOMETRY -0.42870141608759793 0.16009165857038682 -0.3137442907321786
SENSOR 9 2.1236127476781457 -0.8490443357651074
ODOMETRY -0.13396476511908428 0.3263098858548001 -0.12847073988905766
SENSOR 9 1.889388529330556 -0.7000920926013059
ODOMETRY -0.14566959360227294 0.3256994286689121 6.137681285652171
SENSOR 9 1.621568256814424 -0.5148569034217974
ODOMETRY -0.02913308330796749 0.3863341442145995 -0.07732136904188591
SENSOR 9 1.2925637806824195 -0.5483955536583704
ODOMETRY -0.12515138497543443 0.39932525041880007 -0.09535087824406396
SENSOR 9 0.9428491291408181 -0.5027353595590185
ODOMETRY 0.02220447856554797 0.37590136781907474 0.1237907846301769
SENSOR 9 0.6456560262134349 -0.9448139770475636
ODOMETRY -5.988984422950859 0.2873098823206104 0.3565777763983178
SENSOR 9 0.6152816034429436 -2.0528518718189597
ODOMETRY 0.35187642408061004 0.33010719212594036 0.39749970365376
SENSOR 9 0.8879068970161944 -3.0547280643166674
ODOMETRY 0.24486659185396875 0.3674858608530552 0.1890727078482175
SENSOR 9 1.2521509965318356 2.840712678925196
ODOMETRY 0.07267031876601959 0.4461946863004048 -0.03851467138113973
SENSOR 9 1.6755056184590995 2.9038913345773345
ODOMETRY -0.10249093545992238 0.418896235189035 -0.0757201119692259
SENSOR 9 2.0913410311525396 3.1091058991672087
ODOMETRY 0.0332931464589179 0.4193832177339205 0.10504677327257861
SENSOR 9 2.509968631270311 2.9817492442918656
ODOMETRY 0.08637238865843644 0.38014427065675255 0.15565277306412262
SENSOR 9 2.8801391470842734 2.771899852600054
ODOMETRY 0.02297436806149933 0.14664969641324294 0.16922212457207553
SENSOR 9 3.01614966177545 2.5983096393872023
ODOMETRY 3.0644446448310916 0.22222374568281614 -3.2419878711090435
SENSOR 9 2.8194040862154988 2.740421096356071
ODOMETRY 2.887794890958764 0.35274174753071885 -3.3019733676428364
SENSOR 9 2.4710289506917897 3.1336363580692224
ODOMETRY 3.2244077619189726 0.4491605637345636 -3.0676830427368897
SENSOR 9 2.024127063024831 2.9567954532548963
ODOMETRY 3.2457460669373064 0.1419286059645972 -2.7215654146445036
SENSOR 9 1.8885154090330498 2.411198427550291
ODOMETRY 0.4120207301417673 0.1422565862062127 0.45739976153855866
SENSOR 9 1.9519027581404667 1.6081219995382865
ODOMETRY 0.16267323100157702 0.06513643503847667 0.7834803376031652
SENSOR 9 1.944833452702241 0.6952038174389061
ODOMETRY 0.10583686373945866 0.3740244447867995 0.07989418457232822
SENSOR 9 1.6470827071302172 0.6360309865367975
ODOMETRY -0.01355751165567698 0.4646671710692312 -0.01945012977548688
SENSOR 9 1.3076153885581303 0.8856683632488895
ODOMETRY 0.00018141155385476004 0.5667539663234993 -0.0039987642302464765
SENSOR 9 1.0454519863547012 1.3226193702292335
ODOMETRY 0.1199710380935427 0.5751394836608877 0.19924936306593644
SENSOR 9 0.9954735996653203 1.5726988066190817
ODOMETRY 0.18487675696519612 0.5751676793598217 0.12863838275956296
SENSOR 9 1.0551889371925751 1.824858718892461
ODOMETRY 0.09847338374464898 0.6257562459610427 0.01782434922333187
SENSOR 9 1.3075299795067072 2.201024232677989
ODOMETRY -0.03877880392213062 0.6108578655544326 -0.053380125629735264
SENSOR 5 4.404388540002958 -1.2199870695619777
SENSOR 6 2.3212824545405506 -1.3653816715529363
ODOMETRY 0.008609164649716172 0.4433372478671538 0.13409193472720404
SENSOR 5 4.276065473998872 -1.460511459484871
SENSOR 6 2.276497439950972 -1.7002493211176941
ODOMETRY 0.4607993315758627 0.302221767993575 0.25293784088487126
SENSOR 5 4.38903068360703 -2.2389653732096937
SENSOR 6 2.457565404943919 -2.5163336430637075
SENSOR 7 3.359658622056868 0.4961473759610082
ODOMETRY 0.3435185239305447 0.47916477862981394 0.2915475153950009
SENSOR 5 4.801963227769778 -2.9269852991700662
SENSOR 6 2.9208778388061813 3.086159811904194
SENSOR 7 2.886983536465817 -0.11368177429881143
ODOMETRY 0.054543910931067696 0.5719394475579624 -6.245116579458019
SENSOR 6 3.489926597543246 3.011535147665162
SENSOR 7 2.325090800066727 -0.24749230065095063
ODOMETRY 0.01240597801776877 0.6526024390403254 -0.012201868712855113
SENSOR 6 4.136955457671251 3.03373050455055
SENSOR 7 1.7026846372495896 -0.3463521417590787
ODOMETRY 0.003578344730689409 0.661203936032992 -0.0026810315669294482
SENSOR 6 4.7946217972698095 3.0481702416302205
SENSOR 7 1.105051775724512 -0.5538486963819675
ODOMETRY -0.0031757740837270454 0.6616547151275244 0.0054460625685197606
SENSOR 7 0.6424739051120162 -1.125228983346668
ODOMETRY 0.049194391050970676 0.646747976520312 0.06456972932461857
SENSOR 7 0.714291855298937 -2.227559084035443
ODOMETRY 0.23334529605987742 0.4037100601453154 0.3330325873172497
SENSOR 7 1.0589604746656358 -3.036220674295013
ODOMETRY 0.3910718895375571 0.40852088073038306 0.31438949561770624
SENSOR 7 1.4554826427466596 2.620688984202185
SENSOR 8 4.6666180457577555 0.36834349685369894
ODOMETRY 0.18142610635479794 0.5406132105614853 0.11716848040404404
SENSOR 7 1.9005168017685923 2.5069024896020657
SENSOR 8 4.136641472372992 0.09403733357143818
ODOMETRY 0.059088452976878036 0.46246180990984526 0.17814496515045009
SENSOR 8 3.674497596421029 -0.13879839909807234
ODOMETRY 0.36171951014226933 0.2675322070059531 0.4365698676026296
SENSOR 8 3.44217745490969 -0.9743935625817586
ODOMETRY 0.12337148529058478 0.3723153141266479 0.11482888834729646
SENSOR 8 3.2892957741608124 -1.3135259602433604
ODOMETRY 0.0538700153178716 0.38290611751772635 0.10104267740759927
SENSOR 8 3.233766743120928 -1.584667919751071
ODOMETRY -0.04561023705703035 0.39483610731725854 -0.1534212018934174
SENSOR 8 3.2453209711474496 -1.5075400997878878
ODOMETRY -0.29008323736795605 0.27030005671749 -0.3513485583842131
SENSOR 8 3.1619745405254127 -0.9463980838741564
ODOMETRY -0.15503124006830282 0.2600146646650344 -0.15049002683582868
SENSOR 8 2.984952539476236 -0.7028780681695102
ODOMETRY -0.524214942603215 0.0707163791202054 0.3937792352768599
SENSOR 8 2.9153888997302904 -0.5767530513672083
ODOMETRY -0.10959758598243674 0.2899273913820757 -0.009554287073208156
SENSOR 8 2.659733161199468 -0.5067116781282892
ODOMETRY -0.07361160272194223 0.3846386132491158 -0.01953230976672593
SENSOR 8 2.3162407001943044 -0.48331814269054973
ODOMETRY -0.005893774128876261 0.3799323274523465 0.004028721252873568
SENSOR 8 1.9864778443881068 -0.5694489241642398
ODOMETRY -0.01990896448965973 0.18002652899193317 0.021830521164228678
SENSOR 8 1.8353676514962276 -0.6226234985450976
ODOMETRY 3.160576798901415 0.29543030423220357 -3.1625060629455835
SENSOR 8 2.079577144407979 -0.5355692019356564
ODOMETRY 3.148521895323066 0.3478866401239384 -3.12176962837803
SENSOR 8 2.384289119164478 -0.48692110010898304
ODOMETRY 3.2529950016570766 0.37013427760618395 -2.9727808575469945
SENSOR 8 2.69819049084162 -0.689791155900223
ODOMETRY 3.318836445719974 0.3703186387332398 -2.9678258853866
SENSOR 8 2.9513555867286216 -0.944992050254811
ODOMETRY 3.277196182929905 0.3686654852721332 -3.0855083517887283
SENSOR 8 3.141805315661269 -1.0329705230393098
ODOMETRY 3.3338169600337237 0.38040559021521503 -2.9572122653700763
SENSOR 8 3.290197630510255 -1.3005779384869842
ODOMETRY 3.2578007402230114 0.4132429715756796 -3.113064913150003
SENSOR 8 3.3783601197692055 -1.324144709377708
ODOMETRY 2.9998217786015764 0.29798930945229646 -3.5352130404943742
SENSOR 8 3.5020935153828927 -0.709921387509441
ODOMETRY -0.56881666358805 0.06510933203144363 -0.251046185084278
SENSOR 8 3.437643485054395 0.10727777937392258
ODOMETRY -0.29134505881649764 0.273358587593716 -0.15154080556075433
SENSOR 8 3.187483660134489 0.5834574961173917
ODOMETRY -0.05351173083667038 0.41095537786222064 0.051516696078454105
SENSOR 8 2.8675515803076723 0.670792745905954
ODOMETRY 0.04233262811991123 0.524076875707607 0.10655506922474256
SENSOR 8 2.462955348489231 0.6473291581063823
ODOMETRY 0.09268614963619437 0.5463612824674332 0.03199928213702896
SENSOR 8 2.019107145064875 0.6656368959297723
ODOMETRY 0.0040066952880557505 0.5275636438949428 -0.003636636420359274
SENSOR 8 1.6353095481551532 0.8647997119978683
ODOMETRY 0.029337998599741066 0.5531944555106788 0.046628810483398064
SENSOR 8 1.3291075389262912 1.1026248726807157
ODOMETRY 0.11666816635450683 0.49355409987836807 0.14309840124983908
SENSOR 8 1.1339432439849089 1.2142532514920443
ODOMETRY 0.1610257915250033 0.4348270305714764 0.20732860560431754
SENSOR 8 0.9934743348805559 1.2360816411348479
ODOMETRY 0.2135705764225846 0.4340688704294664 0.2105662321409183
SENSOR 8 0.8519771806891715 1.261765146821495
ODOMETRY 0.21016958146860437 0.450945924042738 0.20697630469003803
SENSOR 8 0.740237836482065 1.4019338225277291
ODOMETRY 0.002964397768983995 0.45155616386491915 -0.08656608859379605
SENSOR 8 0.798467325924426 2.0765463908724033
ODOMETRY -0.07642758074954026 0.42308584116898096 -0.07026730128626307
SENSOR 8 1.0899764430074959 2.5534260082577873
ODOMETRY 3.1191365723524647 0.1203002200318194 -3.123868603351773
SENSOR 8 0.9905191871128726 2.493011947263007
ODOMETRY 3.1448681889212113 0.3112797514341529 -3.14013851044558
SENSOR 8 0.7666851843636342 2.239411559723232
ODOMETRY 3.1752700223879047 0.3390573954407343 -3.0757760631826176
SENSOR 8 0.6280117621423811 1.690245541858526
ODOMETRY 3.138204199642456 0.323634069778955 -3.2320999010202542
SENSOR 8 0.6703213648819832 1.2844365217205844
ODOMETRY 2.9558423654327335 0.32659213290211947 -3.2976693462269724
SENSOR 8 0.7745773586174026 1.193361385933291
ODOMETRY 2.911196877690468 0.3278124732607422 -3.415571786059622
SENSOR 8 0.8842135203071281 1.3222355035402096
ODOMETRY 2.988075116188596 0.22134923322269237 -3.3080688161105156
SENSOR 8 0.9316527180830587 1.4034512561697916
ODOMETRY 3.1900592788108453 0.30543691407924145 -3.1375754114082968
SENSOR 8 1.0407403830660766 1.0602156272499927
ODOMETRY 3.1429822030261736 0.45303499120269625 -3.211872243766924
SENSOR 8 1.3230060409324786 0.8259613046701468
ODOMETRY -0.5977729573754933 0.057020975179684526 -0.12293143174785603
SENSOR 8 1.3158601030128654 1.5895446977094654
ODOMETRY -0.47660653759509897 0.05489057533910891 -0.3755208013639013
SENSOR 8 1.342820677197134 2.477643442698853
ODOMETRY 6.11738057172897 0.2869181159408786 -0.2935149058126809
SENSOR 8 1.6007507519617963 3.0227081965858247
ODOMETRY -0.36339469214815345 0.2195320293545904 -0.30524208745955095
SENSOR 8 1.8145314459255155 -2.6211328343310725
ODOMETRY -0.3042494910991509 0.2920655887161485 -0.29115892567345925
SENSOR 8 2.0241719404868137 -2.1318823392320625
ODOMETRY -0.14461414304852815 0.35719809620644205 -0.17072073182545666
SENSOR 8 2.1931362842406616 -1.966052804961645
ODOMETRY -0.18007014499164387 0.3800137815803425 -0.10375464348489627
SENSOR 8 2.3043822497636666 -1.8440390186372455
ODOMETRY 0.15648294050797618 0.4404913075218059 0.07670689215626858
SENSOR 8 2.519921003759884 -2.2368158720455216
ODOMETRY 0.15435825596548547 0.5348185819791098 0.14713915660019006
SENSOR 8 2.933847078187209 -2.662949226522814
ODOMETRY 0.1331762477718872 0.6607244438220151 0.07658931845854866
SENSOR 8 3.5625672198122 -2.9355606602057494
ODOMETRY -0.012924102902313273 0.6657831172246885 -0.06259723310933074
SENSOR 7 1.8123352828052048 -0.4808946642644729
SENSOR 8 4.214936203162519 -2.8943562483729917
ODOMETRY -0.17458623367379533 0.6627124130175208 -0.2050731666736676
SENSOR 7 1.1972649726207134 -0.2689296596763495
ODOMETRY -0.24442966107407105 0.5966060382385724 -0.35067984677926556
SENSOR 7 0.6010157151347842 0.30185964264703546
ODOMETRY -0.312666278321529 0.5464273663100795 -0.3084160949465902
SENSOR 7 0.350924039594944 2.0376561165444054
ODOMETRY -0.015480544027412266 0.6060177884651216 -0.0065450543525732985
SENSOR 7 0.829275159251318 2.763858581511805
ODOMETRY 0.014390059441213937 0.6621573083696594 0.035228836385728164
SENSOR 6 4.356489285202313 -0.0918109680191943
SENSOR 7 1.4632208173801835 2.8880503993617594
ODOMETRY 0.005938621211028991 0.6705188353014218 -0.008238538790668028
SENSOR 6 3.6897516280244242 -0.10724721569284812
SENSOR 7 2.118290770376609 2.971656739473402
ODOMETRY -0.01221010398789961 0.6610115944264028 -0.0156706093126497
ODOMETRY 0.009226008562575765 0.6623269458657604 -0.005450325465339113
SENSOR 5 4.2360233235330345 0.1967160822720193
SENSOR 6 2.375094346605937 -0.1342472788801179
ODOMETRY 0.021243189965369474 0.6600840767920736 0.01861642854252059
SENSOR 5 3.587926387268408 0.18897897264745955
SENSOR 6 1.726003519042853 -0.2333672390791941
ODOMETRY 0.00534992820416107 0.662844861353229 0.03241984294567238
SENSOR 5 2.938719136060926 0.192407054998867
SENSOR 6 1.0932489667392224 -0.4149979490110529
ODOMETRY -3.546998204081303e-05 0.6612546689206579 0.005362815368933979
SENSOR 5 2.2931613181655197 0.24225843431872862
SENSOR 6 0.5561697033591088 -0.9202158070296589
SENSOR 9 3.7318891572520276 -2.474649082811356
ODOMETRY 0.0016792987864897857 0.6609417262459962 -8.161893162167422e-05
SENSOR 5 1.6587469823256316 0.33574270358206526
SENSOR 6 0.5494398434776662 -2.203290488267564
ODOMETRY 0.00848719011746659 0.6609490330073916 -0.007394921379082493
SENSOR 5 1.054500442108735 0.5375174467925694
SENSOR 6 1.0830763487091883 -2.7154659486149395
SENSOR 10 2.3161229393138005 -1.4931880747596682
ODOMETRY -0.001660550470102072 0.6601093372800916 0.005129461462831712
SENSOR 5 0.5941803248212232 1.1410412895860889
SENSOR 6 1.7058260384089334 -2.8801717769812467
SENSOR 10 2.3575487940113127 -1.7795334423448608
ODOMETRY 0.007887939155474106 0.660929333011025 -0.009487955464059165
SENSOR 5 0.6760261070241582 2.230266587903044
SENSOR 6 2.351477897394114 -2.9491297586307814
ODOMETRY -0.004295053581363811 0.6618535137081905 -0.005355146188423246
SENSOR 5 1.202652633983417 2.688269171325337
SENSOR 6 3.0033496121992727 -2.9825735668930617
ODOMETRY -0.009977173032748867 0.6627382462427611 -0.0006501182491723718
SENSOR 5 1.8236142028004538 2.8554293442134533
SENSOR 6 3.6583451261633493 -3.002420487344149
ODOMETRY 0.014892885772752745 0.6618856402484362 -0.012891534524829083
SENSOR 5 2.4635614118643843 2.9331810467941857
SENSOR 6 4.315905762180113 -3.0234333809284486
ODOMETRY -0.004303871798552069 0.6623336783723495 0.0016005420216936499
SENSOR 5 3.115040806048704 2.978995312274302
SENSOR 6 4.97393716031464 -3.036997334335578
SENSOR 11 4.481957565142321 -1.2255543480472686
ODOMETRY 0.0007527326834010961 0.6596644993185975 0.0009027420369894893
SENSOR 5 3.7674515308580268 3.005818550772572
SENSOR 11 4.304198725688171 -1.371971228415486
ODOMETRY -0.0014666255360150217 0.6629221612213616 -0.0010224904258744557
SENSOR 5 4.425294012133356 3.028368236886724
ODOMETRY 0.0024523050915661432 0.6595928543622014 -0.004380642972922481
SENSOR 4 4.484365306593666 -0.09340252071032884
ODOMETRY -0.0022227727346400272 0.6606644483163505 0.0022736470898146936
SENSOR 4 3.826918081681901 -0.10917316224309026
ODOMETRY -0.0021689847281137803 0.6622768550789035 0.0013951952472771698
SENSOR 4 3.1692185051682893 -0.1307194195548167
ODOMETRY 0.010609052519153199 0.6629548004138844 -0.010287838181767078
SENSOR 4 2.5146080700076365 -0.16818529837506047
ODOMETRY -0.00010326768583412017 0.662288861618092 -0.0007236776023064879
SENSOR 3 4.677984430202144 -0.08093820292532916
SENSOR 4 1.8649466105262018 -0.22680280016987098
ODOMETRY 0.0006738612951364786 0.6618466472828272 -0.0011701339083080506
SENSOR 3 4.018702896115221 -0.09386824035824759
SENSOR 4 1.2292455657305388 -0.3480306399043287
SENSOR 13 3.036839327184719 2.235758931377955
ODOMETRY 0.017090470467261247 0.6611809515238133 -0.006803185024114335
SENSOR 3 3.362385122354553 -0.1259314741302049
SENSOR 4 0.6556294752623364 -0.7266778014217881
ODOMETRY 0.008404466743013206 0.6588950511902529 0.012852686493163921
SENSOR 3 2.710863141039154 -0.17974759294642428
SENSOR 4 0.472347246115122 -1.9576419713827709
ODOMETRY -0.004276007704090326 0.6786031776873038 0.004665108667466979
SENSOR 3 2.046112699119173 -0.23806690450571066
SENSOR 4 0.9606925624307633 -2.6726163748665295
ODOMETRY 0.0046532853817595095 0.681661218214476 -0.005530171493422456
SENSOR 3 1.39409275094702 -0.3549817773260382
SENSOR 4 1.5995805112321164 -2.8637546990238225
ODOMETRY -0.007165959197569051 0.6630870766007996 0.004636426999110203
SENSOR 3 0.8031669144369247 -0.6377035681269763
SENSOR 4 2.2436781502198055 -2.94441426900198
ODOMETRY 0.002148924691476546 0.658426689032162 0.004441691888406214
SENSOR 3 0.4797609831009209 -1.6047135652688886
SENSOR 4 2.892438273715708 -2.9951342669832197
ODOMETRY 0.04975420575713942 0.6600705988516821 -0.027767973697647858
SENSOR 3 0.8478180705540197 -2.514726903338787
SENSOR 4 3.5499970155682945 -3.0350741952897207
SENSOR 18 4.222532224820345 2.4873144692826274
ODOMETRY -0.01629330575220561 0.6627960743920697 -0.009860153061876879
SENSOR 3 1.4343686759669252 -2.7693717664995905
SENSOR 4 4.20858428505868 -3.028214570535096
SENSOR 18 4.771312087587799 2.5962959665126464
ODOMETRY 0.007858006162265601 0.3046152755762636 -0.00937506894769061
SENSOR 3 1.7224102474397076 -2.8309191690254893
SENSOR 4 4.511619344828994 -3.03380885272699
ODOMETRY -1.7139057394838488 0.0032077715834673837 1.7139531269765111
SENSOR 3 1.7210064757350867 -2.832641815268584
SENSOR 4 4.510824023869399 -3.0345451032421886
